FSY_ID	FSY_CODE	FSY_YEAR	FSY_HALF_YEAR	FSY_QUARTER	FSY_PERIOD	FSY_WEEK	FSY_FROM_DT	FSY_TO_DT
1	20101	2010	1	1	1	1	20090628	20090704
2	20102	2010	1	1	1	2	20090705	20090711
3	20103	2010	1	1	1	3	20090712	20090718
4	20104	2010	1	1	1	4	20090719	20090725
5	20105	2010	1	1	1	5	20090726	20090801
6	20106	2010	1	1	2	6	20090802	20090808
7	20107	2010	1	1	2	7	20090809	20090815
8	20108	2010	1	1	2	8	20090816	20090822
9	20109	2010	1	1	2	9	20090823	20090829
10	201010	2010	1	1	3	10	20090830	20090905
11	201011	2010	1	1	3	11	20090906	20090912
12	201012	2010	1	1	3	12	20090913	20090919
13	201013	2010	1	1	3	13	20090920	20090926
14	201014	2010	1	2	4	14	20090927	20091003
15	201015	2010	1	2	4	15	20091004	20091010
16	201016	2010	1	2	4	16	20091011	20091017
17	201017	2010	1	2	4	17	20091018	20091024
18	201018	2010	1	2	4	18	20091025	20091031
19	201019	2010	1	2	5	19	20091101	20091107
20	201020	2010	1	2	5	20	20091108	20091114
21	201021	2010	1	2	5	21	20091115	20091121
22	201022	2010	1	2	5	22	20091122	20091128
23	201023	2010	1	2	6	23	20091129	20091205
24	201024	2010	1	2	6	24	20091206	20091212
25	201025	2010	1	2	6	25	20091213	20091219
26	201026	2010	1	2	6	26	20091220	20091226
27	201027	2010	2	3	7	27	20091227	20100102
28	201028	2010	2	3	7	28	20100103	20100109
29	201029	2010	2	3	7	29	20100110	20100116
30	201030	2010	2	3	7	30	20100117	20100123
31	201031	2010	2	3	7	31	20100124	20100130
32	201032	2010	2	3	8	32	20100131	20100206
33	201033	2010	2	3	8	33	20100207	20100213
34	201034	2010	2	3	8	34	20100214	20100220
35	201035	2010	2	3	8	35	20100221	20100227
36	201036	2010	2	3	9	36	20100228	20100306
37	201037	2010	2	3	9	37	20100307	20100313
38	201038	2010	2	3	9	38	20100314	20100320
39	201039	2010	2	3	9	39	20100321	20100327
40	201040	2010	2	4	10	40	20100328	20100403
41	201041	2010	2	4	10	41	20100404	20100410
42	201042	2010	2	4	10	42	20100411	20100417
43	201043	2010	2	4	10	43	20100418	20100424
44	201044	2010	2	4	10	44	20100425	20100501
45	201045	2010	2	4	11	45	20100502	20100508
46	201046	2010	2	4	11	46	20100509	20100515
47	201047	2010	2	4	11	47	20100516	20100522
48	201048	2010	2	4	11	48	20100523	20100529
49	201049	2010	2	4	12	49	20100530	20100605
50	201050	2010	2	4	12	50	20100606	20100612
51	201051	2010	2	4	12	51	20100613	20100619
52	201052	2010	2	4	12	52	20100620	20100626
53	201053	2010	2	4	12	53	20100627	20100703
54	20111	2011	1	1	1	1	20100704	20100710
55	20112	2011	1	1	1	2	20100711	20100717
56	20113	2011	1	1	1	3	20100718	20100724
57	20114	2011	1	1	1	4	20100725	20100731
58	20115	2011	1	1	1	5	20100801	20100807
59	20116	2011	1	1	2	6	20100808	20100814
60	20117	2011	1	1	2	7	20100815	20100821
61	20118	2011	1	1	2	8	20100822	20100828
62	20119	2011	1	1	2	9	20100829	20100904
63	201110	2011	1	1	3	10	20100905	20100911
64	201111	2011	1	1	3	11	20100912	20100918
65	201112	2011	1	1	3	12	20100919	20100925
66	201113	2011	1	1	3	13	20100926	20101002
67	201114	2011	1	2	4	14	20101003	20101009
68	201115	2011	1	2	4	15	20101010	20101016
69	201116	2011	1	2	4	16	20101017	20101023
70	201117	2011	1	2	4	17	20101024	20101030
71	201118	2011	1	2	4	18	20101031	20101106
72	201119	2011	1	2	5	19	20101107	20101113
73	201120	2011	1	2	5	20	20101114	20101120
74	201121	2011	1	2	5	21	20101121	20101127
75	201122	2011	1	2	5	22	20101128	20101204
76	201123	2011	1	2	6	23	20101205	20101211
77	201124	2011	1	2	6	24	20101212	20101218
78	201125	2011	1	2	6	25	20101219	20101225
79	201126	2011	1	2	6	26	20101226	20110101
80	201127	2011	2	3	7	27	20110102	20110108
81	201128	2011	2	3	7	28	20110109	20110115
82	201129	2011	2	3	7	29	20110116	20110122
83	201130	2011	2	3	7	30	20110123	20110129
84	201131	2011	2	3	7	31	20110130	20110205
85	201132	2011	2	3	8	32	20110206	20110212
86	201133	2011	2	3	8	33	20110213	20110219
87	201134	2011	2	3	8	34	20110220	20110226
88	201135	2011	2	3	8	35	20110227	20110305
89	201136	2011	2	3	9	36	20110306	20110312
90	201137	2011	2	3	9	37	20110313	20110319
91	201138	2011	2	3	9	38	20110320	20110326
92	201139	2011	2	3	9	39	20110327	20110402
93	201140	2011	2	4	10	40	20110403	20110409
94	201141	2011	2	4	10	41	20110410	20110416
95	201142	2011	2	4	10	42	20110417	20110423
96	201143	2011	2	4	10	43	20110424	20110430
97	201144	2011	2	4	10	44	20110501	20110507
98	201145	2011	2	4	11	45	20110508	20110514
99	201146	2011	2	4	11	46	20110515	20110521
100	201147	2011	2	4	11	47	20110522	20110528
101	201148	2011	2	4	11	48	20110529	20110604
102	201149	2011	2	4	12	49	20110605	20110611
103	201150	2011	2	4	12	50	20110612	20110618
104	201151	2011	2	4	12	51	20110619	20110625
105	201152	2011	2	4	12	52	20110626	20110702
106	20091	2009	1	1	1	1	20080629	20080705
107	20092	2009	1	1	1	2	20080706	20080712
108	20093	2009	1	1	1	3	20080713	20080719
109	20094	2009	1	1	1	4	20080720	20080726
110	20095	2009	1	1	1	5	20080727	20080802
111	20096	2009	1	1	2	6	20080803	20080809
112	20097	2009	1	1	2	7	20080810	20080816
113	20098	2009	1	1	2	8	20080817	20080823
114	20099	2009	1	1	2	9	20080824	20080830
115	200910	2009	1	1	3	10	20080831	20080906
116	200911	2009	1	1	3	11	20080907	20080913
117	200912	2009	1	1	3	12	20080914	20080920
118	200913	2009	1	1	3	13	20080921	20080927
119	200914	2009	1	2	4	14	20080928	20081004
120	200915	2009	1	2	4	15	20081005	20081011
121	200916	2009	1	2	4	16	20081012	20081018
122	200917	2009	1	2	4	17	20081019	20081025
123	200918	2009	1	2	4	18	20081026	20081101
124	200919	2009	1	2	5	19	20081102	20081108
125	200920	2009	1	2	5	20	20081109	20081115
126	200921	2009	1	2	5	21	20081116	20081122
127	200922	2009	1	2	5	22	20081123	20081129
128	200923	2009	1	2	6	23	20081130	20081206
129	200924	2009	1	2	6	24	20081207	20081213
130	200925	2009	1	2	6	25	20081214	20081220
131	200926	2009	1	2	6	26	20081221	20081227
132	200927	2009	2	3	7	27	20081228	20090103
133	200928	2009	2	3	7	28	20090104	20090110
134	200929	2009	2	3	7	29	20090111	20090117
135	200930	2009	2	3	7	30	20090118	20090124
136	200931	2009	2	3	7	31	20090125	20090131
137	200932	2009	2	3	8	32	20090201	20090207
138	200933	2009	2	3	8	33	20090208	20090214
139	200934	2009	2	3	8	34	20090215	20090221
140	200935	2009	2	3	8	35	20090222	20090228
141	200936	2009	2	3	9	36	20090301	20090307
142	200937	2009	2	3	9	37	20090308	20090314
143	200938	2009	2	3	9	38	20090315	20090321
144	200939	2009	2	3	9	39	20090322	20090328
145	200940	2009	2	4	10	40	20090329	20090404
146	200941	2009	2	4	10	41	20090405	20090411
147	200942	2009	2	4	10	42	20090412	20090418
148	200943	2009	2	4	10	43	20090419	20090425
149	200944	2009	2	4	10	44	20090426	20090502
150	200945	2009	2	4	11	45	20090503	20090509
151	200946	2009	2	4	11	46	20090510	20090516
152	200947	2009	2	4	11	47	20090517	20090523
153	200948	2009	2	4	11	48	20090524	20090530
154	200949	2009	2	4	12	49	20090531	20090606
155	200950	2009	2	4	12	50	20090607	20090613
156	200951	2009	2	4	12	51	20090614	20090620
157	200952	2009	2	4	12	52	20090621	20090627
158	20121	2012	1	1	1	1	20110703	20110709
159	20122	2012	1	1	1	2	20110710	20110716
160	20123	2012	1	1	1	3	20110717	20110723
161	20124	2012	1	1	1	4	20110724	20110730
162	20125	2012	1	1	1	5	20110731	20110806
163	20126	2012	1	1	2	6	20110807	20110813
164	20127	2012	1	1	2	7	20110814	20110820
165	20128	2012	1	1	2	8	20110821	20110827
166	20129	2012	1	1	2	9	20110828	20110903
167	201210	2012	1	1	3	10	20110904	20110910
168	201211	2012	1	1	3	11	20110911	20110917
169	201212	2012	1	1	3	12	20110918	20110924
170	201213	2012	1	1	3	13	20110925	20111001
171	201214	2012	1	2	4	14	20111002	20111008
172	201215	2012	1	2	4	15	20111009	20111015
173	201216	2012	1	2	4	16	20111016	20111022
174	201217	2012	1	2	4	17	20111023	20111029
175	201218	2012	1	2	4	18	20111030	20111105
176	201219	2012	1	2	5	19	20111106	20111112
177	201220	2012	1	2	5	20	20111113	20111119
178	201221	2012	1	2	5	21	20111120	20111126
179	201222	2012	1	2	5	22	20111127	20111203
180	201223	2012	1	2	6	23	20111204	20111210
181	201224	2012	1	2	6	24	20111211	20111217
182	201225	2012	1	2	6	25	20111218	20111224
183	201226	2012	1	2	6	26	20111225	20111231
184	201227	2012	2	3	7	27	20120101	20120107
185	201228	2012	2	3	7	28	20120108	20120114
186	201229	2012	2	3	7	29	20120115	20120121
187	201230	2012	2	3	7	30	20120122	20120128
188	201231	2012	2	3	7	31	20120129	20120204
189	201232	2012	2	3	8	32	20120205	20120211
190	201233	2012	2	3	8	33	20120212	20120218
191	201234	2012	2	3	8	34	20120219	20120225
192	201235	2012	2	3	8	35	20120226	20120303
193	201236	2012	2	3	9	36	20120304	20120310
194	201237	2012	2	3	9	37	20120311	20120317
195	201238	2012	2	3	9	38	20120318	20120324
196	201239	2012	2	3	9	39	20120325	20120331
197	201240	2012	2	4	10	40	20120401	20120407
198	201241	2012	2	4	10	41	20120408	20120414
199	201242	2012	2	4	10	42	20120415	20120421
200	201243	2012	2	4	10	43	20120422	20120428
201	201244	2012	2	4	10	44	20120429	20120505
202	201245	2012	2	4	11	45	20120506	20120512
203	201246	2012	2	4	11	46	20120513	20120519
204	201247	2012	2	4	11	47	20120520	20120526
205	201248	2012	2	4	11	48	20120527	20120602
206	201249	2012	2	4	12	49	20120603	20120609
207	201250	2012	2	4	12	50	20120610	20120616
208	201251	2012	2	4	12	51	20120617	20120623
209	201252	2012	2	4	12	52	20120624	20120630
210	20131	2013	1	1	1	1	20120701	20120707
211	20132	2013	1	1	1	2	20120708	20120714
212	20133	2013	1	1	1	3	20120715	20120721
213	20134	2013	1	1	1	4	20120722	20120728
214	20135	2013	1	1	1	5	20120729	20120804
215	20136	2013	1	1	2	6	20120805	20120811
216	20137	2013	1	1	2	7	20120812	20120818
217	20138	2013	1	1	2	8	20120819	20120825
218	20139	2013	1	1	2	9	20120826	20120901
219	201310	2013	1	1	3	10	20120902	20120908
220	201311	2013	1	1	3	11	20120909	20120915
221	201312	2013	1	1	3	12	20120916	20120922
222	201313	2013	1	1	3	13	20120923	20120929
223	201314	2013	1	2	4	14	20120930	20121006
224	201315	2013	1	2	4	15	20121007	20121013
225	201316	2013	1	2	4	16	20121014	20121020
226	201317	2013	1	2	4	17	20121021	20121027
227	201318	2013	1	2	4	18	20121028	20121103
228	201319	2013	1	2	5	19	20121104	20121110
229	201320	2013	1	2	5	20	20121111	20121117
230	201321	2013	1	2	5	21	20121118	20121124
231	201322	2013	1	2	5	22	20121125	20121201
232	201323	2013	1	2	6	23	20121202	20121208
233	201324	2013	1	2	6	24	20121209	20121215
234	201325	2013	1	2	6	25	20121216	20121222
235	201326	2013	1	2	6	26	20121223	20121229
236	201327	2013	2	3	7	27	20121230	20130105
237	201328	2013	2	3	7	28	20130106	20130112
238	201329	2013	2	3	7	29	20130113	20130119
239	201330	2013	2	3	7	30	20130120	20130126
240	201331	2013	2	3	7	31	20130127	20130202
241	201332	2013	2	3	8	32	20130203	20130209
242	201333	2013	2	3	8	33	20130210	20130216
243	201334	2013	2	3	8	34	20130217	20130223
244	201335	2013	2	3	8	35	20130224	20130302
245	201336	2013	2	3	9	36	20130303	20130309
246	201337	2013	2	3	9	37	20130310	20130316
247	201338	2013	2	3	9	38	20130317	20130323
248	201339	2013	2	3	9	39	20130324	20130330
249	201340	2013	2	4	10	40	20130331	20130406
250	201341	2013	2	4	10	41	20130407	20130413
251	201342	2013	2	4	10	42	20130414	20130420
252	201343	2013	2	4	10	43	20130421	20130427
253	201344	2013	2	4	10	44	20130428	20130504
254	201345	2013	2	4	11	45	20130505	20130511
255	201346	2013	2	4	11	46	20130512	20130518
256	201347	2013	2	4	11	47	20130519	20130525
257	201348	2013	2	4	11	48	20130526	20130601
258	201349	2013	2	4	12	49	20130602	20130608
259	201350	2013	2	4	12	50	20130609	20130615
260	201351	2013	2	4	12	51	20130616	20130622
261	201352	2013	2	4	12	52	20130623	20130629
262	20141	2014	1	1	1	1	20130630	20130706
263	20142	2014	1	1	1	2	20130707	20130713
264	20143	2014	1	1	1	3	20130714	20130720
265	20144	2014	1	1	1	4	20130721	20130727
266	20145	2014	1	1	1	5	20130728	20130803
267	20146	2014	1	1	2	6	20130804	20130810
268	20147	2014	1	1	2	7	20130811	20130817
269	20148	2014	1	1	2	8	20130818	20130824
270	20149	2014	1	1	2	9	20130825	20130831
271	201410	2014	1	1	3	10	20130901	20130907
272	201411	2014	1	1	3	11	20130908	20130914
273	201412	2014	1	1	3	12	20130915	20130921
274	201413	2014	1	1	3	13	20130922	20130928
275	201414	2014	1	2	4	14	20130929	20131005
276	201415	2014	1	2	4	15	20131006	20131012
277	201416	2014	1	2	4	16	20131013	20131019
278	201417	2014	1	2	4	17	20131020	20131026
279	201418	2014	1	2	4	18	20131027	20131102
280	201419	2014	1	2	5	19	20131103	20131109
281	201420	2014	1	2	5	20	20131110	20131116
282	201421	2014	1	2	5	21	20131117	20131123
283	201422	2014	1	2	5	22	20131124	20131130
284	201423	2014	1	2	6	23	20131201	20131207
285	201424	2014	1	2	6	24	20131208	20131214
286	201425	2014	1	2	6	25	20131215	20131221
287	201426	2014	1	2	6	26	20131222	20131228
288	201427	2014	2	3	7	27	20131229	20140104
289	201428	2014	2	3	7	28	20140105	20140111
290	201429	2014	2	3	7	29	20140112	20140118
291	201430	2014	2	3	7	30	20140119	20140125
292	201431	2014	2	3	7	31	20140126	20140201
293	201432	2014	2	3	8	32	20140202	20140208
294	201433	2014	2	3	8	33	20140209	20140215
295	201434	2014	2	3	8	34	20140216	20140222
296	201435	2014	2	3	8	35	20140223	20140301
297	201436	2014	2	3	9	36	20140302	20140308
298	201437	2014	2	3	9	37	20140309	20140315
299	201438	2014	2	3	9	38	20140316	20140322
300	201439	2014	2	3	9	39	20140323	20140329
301	201440	2014	2	4	10	40	20140330	20140405
302	201441	2014	2	4	10	41	20140406	20140412
303	201442	2014	2	4	10	42	20140413	20140419
304	201443	2014	2	4	10	43	20140420	20140426
305	201444	2014	2	4	10	44	20140427	20140503
306	201445	2014	2	4	11	45	20140504	20140510
307	201446	2014	2	4	11	46	20140511	20140517
308	201447	2014	2	4	11	47	20140518	20140524
309	201448	2014	2	4	11	48	20140525	20140531
310	201449	2014	2	4	12	49	20140601	20140607
311	201450	2014	2	4	12	50	20140608	20140614
312	201451	2014	2	4	12	51	20140615	20140621
313	201452	2014	2	4	12	52	20140622	20140628
314	20151	2015	1	1	1	1	20140629	20140705
315	20152	2015	1	1	1	2	20140706	20140712
316	20153	2015	1	1	1	3	20140713	20140719
317	20154	2015	1	1	1	4	20140720	20140726
318	20155	2015	1	1	1	5	20140727	20140802
319	20156	2015	1	1	2	6	20140803	20140809
320	20157	2015	1	1	2	7	20140810	20140816
321	20158	2015	1	1	2	8	20140817	20140823
322	20159	2015	1	1	2	9	20140824	20140830
323	201510	2015	1	1	3	10	20140831	20140906
324	201511	2015	1	1	3	11	20140907	20140913
325	201512	2015	1	1	3	12	20140914	20140920
326	201513	2015	1	1	3	13	20140921	20140927
327	201514	2015	1	2	4	14	20140928	20141004
328	201515	2015	1	2	4	15	20141005	20141011
329	201516	2015	1	2	4	16	20141012	20141018
330	201517	2015	1	2	4	17	20141019	20141025
331	201518	2015	1	2	4	18	20141026	20141101
332	201519	2015	1	2	5	19	20141102	20141108
333	201520	2015	1	2	5	20	20141109	20141115
334	201521	2015	1	2	5	21	20141116	20141122
335	201522	2015	1	2	5	22	20141123	20141129
336	201523	2015	1	2	6	23	20141130	20141206
337	201524	2015	1	2	6	24	20141207	20141213
338	201525	2015	1	2	6	25	20141214	20141220
339	201526	2015	1	2	6	26	20141221	20141227
340	201527	2015	2	3	7	27	20141228	20150103
341	201528	2015	2	3	7	28	20150104	20150110
342	201529	2015	2	3	7	29	20150111	20150117
343	201530	2015	2	3	7	30	20150118	20150124
344	201531	2015	2	3	7	31	20150125	20150131
345	201532	2015	2	3	8	32	20150201	20150207
346	201533	2015	2	3	8	33	20150208	20150214
347	201534	2015	2	3	8	34	20150215	20150221
348	201535	2015	2	3	8	35	20150222	20150228
349	201536	2015	2	3	9	36	20150301	20150307
350	201537	2015	2	3	9	37	20150308	20150314
351	201538	2015	2	3	9	38	20150315	20150321
352	201539	2015	2	3	9	39	20150322	20150328
353	201540	2015	2	4	10	40	20150329	20150404
354	201541	2015	2	4	10	41	20150405	20150411
355	201542	2015	2	4	10	42	20150412	20150418
356	201543	2015	2	4	10	43	20150419	20150425
357	201544	2015	2	4	10	44	20150426	20150502
358	201545	2015	2	4	11	45	20150503	20150509
359	201546	2015	2	4	11	46	20150510	20150516
360	201547	2015	2	4	11	47	20150517	20150523
361	201548	2015	2	4	11	48	20150524	20150530
362	201549	2015	2	4	12	49	20150531	20150606
363	201550	2015	2	4	12	50	20150607	20150613
364	201551	2015	2	4	12	51	20150614	20150620
365	201552	2015	2	4	12	52	20150621	20150627
366	20161	2016	1	1	1	1	20150628	20150704
367	20162	2016	1	1	1	2	20150705	20150711
368	20163	2016	1	1	1	3	20150712	20150718
369	20164	2016	1	1	1	4	20150719	20150725
370	20165	2016	1	1	1	5	20150726	20150801
371	20166	2016	1	1	2	6	20150802	20150808
372	20167	2016	1	1	2	7	20150809	20150815
373	20168	2016	1	1	2	8	20150816	20150822
374	20169	2016	1	1	2	9	20150823	20150829
375	201610	2016	1	1	3	10	20150830	20150905
376	201611	2016	1	1	3	11	20150906	20150912
377	201612	2016	1	1	3	12	20150913	20150919
378	201613	2016	1	1	3	13	20150920	20150926
379	201614	2016	1	2	4	14	20150927	20151003
380	201615	2016	1	2	4	15	20151004	20151010
381	201616	2016	1	2	4	16	20151011	20151017
382	201617	2016	1	2	4	17	20151018	20151024
383	201618	2016	1	2	4	18	20151025	20151031
384	201619	2016	1	2	5	19	20151101	20151107
385	201620	2016	1	2	5	20	20151108	20151114
386	201621	2016	1	2	5	21	20151115	20151121
387	201622	2016	1	2	5	22	20151122	20151128
388	201623	2016	1	2	6	23	20151129	20151205
389	201624	2016	1	2	6	24	20151206	20151212
390	201625	2016	1	2	6	25	20151213	20151219
391	201626	2016	1	2	6	26	20151220	20151226
392	201627	2016	2	3	7	27	20151227	20160102
393	201628	2016	2	3	7	28	20160103	20160109
394	201629	2016	2	3	7	29	20160110	20160116
395	201630	2016	2	3	7	30	20160117	20160123
396	201631	2016	2	3	7	31	20160124	20160130
397	201632	2016	2	3	8	32	20160131	20160206
398	201633	2016	2	3	8	33	20160207	20160213
399	201634	2016	2	3	8	34	20160214	20160220
400	201635	2016	2	3	8	35	20160221	20160227
401	201636	2016	2	3	9	36	20160228	20160305
402	201637	2016	2	3	9	37	20160306	20160312
403	201638	2016	2	3	9	38	20160313	20160319
404	201639	2016	2	3	9	39	20160320	20160326
405	201640	2016	2	4	10	40	20160327	20160402
406	201641	2016	2	4	10	41	20160403	20160409
407	201642	2016	2	4	10	42	20160410	20160416
408	201643	2016	2	4	10	43	20160417	20160423
409	201644	2016	2	4	10	44	20160424	20160430
410	201645	2016	2	4	11	45	20160501	20160507
411	201646	2016	2	4	11	46	20160508	20160514
412	201647	2016	2	4	11	47	20160515	20160521
413	201648	2016	2	4	11	48	20160522	20160528
414	201649	2016	2	4	12	49	20160529	20160604
415	201650	2016	2	4	12	50	20160605	20160611
416	201651	2016	2	4	12	51	20160612	20160618
417	201652	2016	2	4	12	52	20160619	20160625
418	201653	2016	2	4	12	53	20160626	20160702
419	20171	2017	1	1	1	1	20160703	20160709
420	20172	2017	1	1	1	2	20160710	20160716
421	20173	2017	1	1	1	3	20160717	20160723
422	20174	2017	1	1	1	4	20160724	20160730
423	20175	2017	1	1	1	5	20160731	20160806
424	20176	2017	1	1	2	6	20160807	20160813
425	20177	2017	1	1	2	7	20160814	20160820
426	20178	2017	1	1	2	8	20160821	20160827
427	20179	2017	1	1	2	9	20160828	20160903
428	201710	2017	1	1	3	10	20160904	20160910
429	201711	2017	1	1	3	11	20160911	20160917
430	201712	2017	1	1	3	12	20160918	20160924
431	201713	2017	1	1	3	13	20160925	20161001
432	201714	2017	1	2	4	14	20161002	20161008
433	201715	2017	1	2	4	15	20161009	20161015
434	201716	2017	1	2	4	16	20161016	20161022
435	201717	2017	1	2	4	17	20161023	20161029
436	201718	2017	1	2	4	18	20161030	20161105
437	201719	2017	1	2	5	19	20161106	20161112
438	201720	2017	1	2	5	20	20161113	20161119
439	201721	2017	1	2	5	21	20161120	20161126
440	201722	2017	1	2	5	22	20161127	20161203
441	201723	2017	1	2	6	23	20161204	20161210
442	201724	2017	1	2	6	24	20161211	20161217
443	201725	2017	1	2	6	25	20161218	20161224
444	201726	2017	1	2	6	26	20161225	20161231
445	201727	2017	2	3	7	27	20170101	20170107
446	201728	2017	2	3	7	28	20170108	20170114
447	201729	2017	2	3	7	29	20170115	20170121
448	201730	2017	2	3	7	30	20170122	20170128
449	201731	2017	2	3	7	31	20170129	20170204
450	201732	2017	2	3	8	32	20170205	20170211
451	201733	2017	2	3	8	33	20170212	20170218
452	201734	2017	2	3	8	34	20170219	20170225
453	201735	2017	2	3	8	35	20170226	20170304
454	201736	2017	2	3	9	36	20170305	20170311
455	201737	2017	2	3	9	37	20170312	20170318
456	201738	2017	2	3	9	38	20170319	20170325
457	201739	2017	2	3	9	39	20170326	20170401
458	201740	2017	2	4	10	40	20170402	20170408
459	201741	2017	2	4	10	41	20170409	20170415
460	201742	2017	2	4	10	42	20170416	20170422
461	201743	2017	2	4	10	43	20170423	20170429
462	201744	2017	2	4	10	44	20170430	20170506
463	201745	2017	2	4	11	45	20170507	20170513
464	201746	2017	2	4	11	46	20170514	20170520
465	201747	2017	2	4	11	47	20170521	20170527
466	201748	2017	2	4	11	48	20170528	20170603
467	201749	2017	2	4	12	49	20170604	20170610
468	201750	2017	2	4	12	50	20170611	20170617
469	201751	2017	2	4	12	51	20170618	20170624
470	201752	2017	2	4	12	52	20170625	20170701
471	20181	2018	1	1	1	1	20170702	20170708
472	20182	2018	1	1	1	2	20170709	20170715
473	20183	2018	1	1	1	3	20170716	20170722
474	20184	2018	1	1	1	4	20170723	20170729
475	20185	2018	1	1	1	5	20170730	20170805
476	20186	2018	1	1	2	6	20170806	20170812
477	20187	2018	1	1	2	7	20170813	20170819
478	20188	2018	1	1	2	8	20170820	20170826
479	20189	2018	1	1	2	9	20170827	20170902
480	201810	2018	1	1	3	10	20170903	20170909
481	201811	2018	1	1	3	11	20170910	20170916
482	201812	2018	1	1	3	12	20170917	20170923
483	201813	2018	1	1	3	13	20170924	20170930
484	201814	2018	1	2	4	14	20171001	20171007
485	201815	2018	1	2	4	15	20171008	20171014
486	201816	2018	1	2	4	16	20171015	20171021
487	201817	2018	1	2	4	17	20171022	20171028
488	201818	2018	1	2	4	18	20171029	20171104
489	201819	2018	1	2	5	19	20171105	20171111
490	201820	2018	1	2	5	20	20171112	20171118
491	201821	2018	1	2	5	21	20171119	20171125
492	201822	2018	1	2	5	22	20171126	20171202
493	201823	2018	1	2	6	23	20171203	20171209
494	201824	2018	1	2	6	24	20171210	20171216
495	201825	2018	1	2	6	25	20171217	20171223
496	201826	2018	1	2	6	26	20171224	20171230
497	201827	2018	2	3	7	27	20171231	20180106
498	201828	2018	2	3	7	28	20180107	20180113
499	201829	2018	2	3	7	29	20180114	20180120
500	201830	2018	2	3	7	30	20180121	20180127
501	201831	2018	2	3	7	31	20180128	20180203
502	201832	2018	2	3	8	32	20180204	20180210
503	201833	2018	2	3	8	33	20180211	20180217
504	201834	2018	2	3	8	34	20180218	20180224
505	201835	2018	2	3	8	35	20180225	20180303
506	201836	2018	2	3	9	36	20180304	20180310
507	201837	2018	2	3	9	37	20180311	20180317
508	201838	2018	2	3	9	38	20180318	20180324
509	201839	2018	2	3	9	39	20180325	20180331
510	201840	2018	2	4	10	40	20180401	20180407
511	201841	2018	2	4	10	41	20180408	20180414
512	201842	2018	2	4	10	42	20180415	20180421
513	201843	2018	2	4	10	43	20180422	20180428
514	201844	2018	2	4	10	44	20180429	20180505
515	201845	2018	2	4	11	45	20180506	20180512
516	201846	2018	2	4	11	46	20180513	20180519
517	201847	2018	2	4	11	47	20180520	20180526
518	201848	2018	2	4	11	48	20180527	20180602
519	201849	2018	2	4	12	49	20180603	20180609
520	201850	2018	2	4	12	50	20180610	20180616
521	201851	2018	2	4	12	51	20180617	20180623
522	201852	2018	2	4	12	52	20180624	20180630
523	20191	2019	1	1	1	1	20180701	20180707
524	20192	2019	1	1	1	2	20180708	20180714
525	20193	2019	1	1	1	3	20180715	20180721
526	20194	2019	1	1	1	4	20180722	20180728
527	20195	2019	1	1	1	5	20180729	20180804
528	20196	2019	1	1	2	6	20180805	20180811
529	20197	2019	1	1	2	7	20180812	20180818
530	20198	2019	1	1	2	8	20180819	20180825
531	20199	2019	1	1	2	9	20180826	20180901
532	201910	2019	1	1	3	10	20180902	20180908
533	201911	2019	1	1	3	11	20180909	20180915
534	201912	2019	1	1	3	12	20180916	20180922
535	201913	2019	1	1	3	13	20180923	20180929
536	201914	2019	1	2	4	14	20180930	20181006
537	201915	2019	1	2	4	15	20181007	20181013
538	201916	2019	1	2	4	16	20181014	20181020
539	201917	2019	1	2	4	17	20181021	20181027
540	201918	2019	1	2	4	18	20181028	20181103
541	201919	2019	1	2	5	19	20181104	20181110
542	201920	2019	1	2	5	20	20181111	20181117
543	201921	2019	1	2	5	21	20181118	20181124
544	201922	2019	1	2	5	22	20181125	20181201
545	201923	2019	1	2	6	23	20181202	20181208
546	201924	2019	1	2	6	24	20181209	20181215
547	201925	2019	1	2	6	25	20181216	20181222
548	201926	2019	1	2	6	26	20181223	20181229
549	201927	2019	2	3	7	27	20181230	20190105
550	201928	2019	2	3	7	28	20190106	20190112
551	201929	2019	2	3	7	29	20190113	20190119
552	201930	2019	2	3	7	30	20190120	20190126
553	201931	2019	2	3	7	31	20190127	20190202
554	201932	2019	2	3	8	32	20190203	20190209
555	201933	2019	2	3	8	33	20190210	20190216
556	201934	2019	2	3	8	34	20190217	20190223
557	201935	2019	2	3	8	35	20190224	20190302
558	201936	2019	2	3	9	36	20190303	20190309
559	201937	2019	2	3	9	37	20190310	20190316
560	201938	2019	2	3	9	38	20190317	20190323
561	201939	2019	2	3	9	39	20190324	20190330
562	201940	2019	2	4	10	40	20190331	20190406
563	201941	2019	2	4	10	41	20190407	20190413
564	201942	2019	2	4	10	42	20190414	20190420
565	201943	2019	2	4	10	43	20190421	20190427
566	201944	2019	2	4	10	44	20190428	20190504
567	201945	2019	2	4	11	45	20190505	20190511
568	201946	2019	2	4	11	46	20190512	20190518
569	201947	2019	2	4	11	47	20190519	20190525
570	201948	2019	2	4	11	48	20190526	20190601
571	201949	2019	2	4	12	49	20190602	20190608
572	201950	2019	2	4	12	50	20190609	20190615
573	201951	2019	2	4	12	51	20190616	20190622
574	201952	2019	2	4	12	52	20190623	20190629
575	20201	2020	1	1	1	1	20190630	20190706
576	20202	2020	1	1	1	2	20190707	20190713
577	20203	2020	1	1	1	3	20190714	20190720
578	20204	2020	1	1	1	4	20190721	20190727
579	20205	2020	1	1	1	5	20190728	20190803
580	20206	2020	1	1	2	6	20190804	20190810
581	20207	2020	1	1	2	7	20190811	20190817
582	20208	2020	1	1	2	8	20190818	20190824
583	20209	2020	1	1	2	9	20190825	20190831
584	202010	2020	1	1	3	10	20190901	20190907
585	202011	2020	1	1	3	11	20190908	20190914
586	202012	2020	1	1	3	12	20190915	20190921
587	202013	2020	1	1	3	13	20190922	20190928
588	202014	2020	1	2	4	14	20190929	20191005
589	202015	2020	1	2	4	15	20191006	20191012
590	202016	2020	1	2	4	16	20191013	20191019
591	202017	2020	1	2	4	17	20191020	20191026
592	202018	2020	1	2	4	18	20191027	20191102
593	202019	2020	1	2	5	19	20191103	20191109
594	202020	2020	1	2	5	20	20191110	20191116
595	202021	2020	1	2	5	21	20191117	20191123
596	202022	2020	1	2	5	22	20191124	20191130
597	202023	2020	1	2	6	23	20191201	20191207
598	202024	2020	1	2	6	24	20191208	20191214
599	202025	2020	1	2	6	25	20191215	20191221
600	202026	2020	1	2	6	26	20191222	20191228
601	202027	2020	2	3	7	27	20191229	20200104
602	202028	2020	2	3	7	28	20200105	20200111
603	202029	2020	2	3	7	29	20200112	20200118
604	202030	2020	2	3	7	30	20200119	20200125
605	202031	2020	2	3	7	31	20200126	20200201
606	202032	2020	2	3	8	32	20200202	20200208
607	202033	2020	2	3	8	33	20200209	20200215
608	202034	2020	2	3	8	34	20200216	20200222
609	202035	2020	2	3	8	35	20200223	20200229
610	202036	2020	2	3	9	36	20200301	20200307
611	202037	2020	2	3	9	37	20200308	20200314
612	202038	2020	2	3	9	38	20200315	20200321
613	202039	2020	2	3	9	39	20200322	20200328
614	202040	2020	2	4	10	40	20200329	20200404
615	202041	2020	2	4	10	41	20200405	20200411
616	202042	2020	2	4	10	42	20200412	20200418
617	202043	2020	2	4	10	43	20200419	20200425
618	202044	2020	2	4	10	44	20200426	20200502
619	202045	2020	2	4	11	45	20200503	20200509
620	202046	2020	2	4	11	46	20200510	20200516
621	202047	2020	2	4	11	47	20200517	20200523
622	202048	2020	2	4	11	48	20200524	20200530
623	202049	2020	2	4	12	49	20200531	20200606
624	202050	2020	2	4	12	50	20200607	20200613
625	202051	2020	2	4	12	51	20200614	20200620
626	202052	2020	2	4	12	52	20200621	20200627
627	20211	2021	1	1	1	1	20200628	20200704
628	20212	2021	1	1	1	2	20200705	20200711
629	20213	2021	1	1	1	3	20200712	20200718
630	20214	2021	1	1	1	4	20200719	20200725
631	20215	2021	1	1	1	5	20200726	20200801
632	20216	2021	1	1	2	6	20200802	20200808
633	20217	2021	1	1	2	7	20200809	20200815
634	20218	2021	1	1	2	8	20200816	20200822
635	20219	2021	1	1	2	9	20200823	20200829
636	202110	2021	1	1	3	10	20200830	20200905
637	202111	2021	1	1	3	11	20200906	20200912
638	202112	2021	1	1	3	12	20200913	20200919
639	202113	2021	1	1	3	13	20200920	20200926
640	202114	2021	1	2	4	14	20200927	20201003
641	202115	2021	1	2	4	15	20201004	20201010
642	202116	2021	1	2	4	16	20201011	20201017
643	202117	2021	1	2	4	17	20201018	20201024
644	202118	2021	1	2	4	18	20201025	20201031
645	202119	2021	1	2	5	19	20201101	20201107
646	202120	2021	1	2	5	20	20201108	20201114
647	202121	2021	1	2	5	21	20201115	20201121
648	202122	2021	1	2	5	22	20201122	20201128
649	202123	2021	1	2	6	23	20201129	20201205
650	202124	2021	1	2	6	24	20201206	20201212
651	202125	2021	1	2	6	25	20201213	20201219
652	202126	2021	1	2	6	26	20201220	20201226
653	202127	2021	2	3	7	27	20201227	20210102
654	202128	2021	2	3	7	28	20210103	20210109
655	202129	2021	2	3	7	29	20210110	20210116
656	202130	2021	2	3	7	30	20210117	20210123
657	202131	2021	2	3	7	31	20210124	20210130
658	202132	2021	2	3	8	32	20210131	20210206
659	202133	2021	2	3	8	33	20210207	20210213
660	202134	2021	2	3	8	34	20210214	20210220
661	202135	2021	2	3	8	35	20210221	20210227
662	202136	2021	2	3	9	36	20210228	20210306
663	202137	2021	2	3	9	37	20210307	20210313
664	202138	2021	2	3	9	38	20210314	20210320
665	202139	2021	2	3	9	39	20210321	20210327
666	202140	2021	2	4	10	40	20210328	20210403
667	202141	2021	2	4	10	41	20210404	20210410
668	202142	2021	2	4	10	42	20210411	20210417
669	202143	2021	2	4	10	43	20210418	20210424
670	202144	2021	2	4	10	44	20210425	20210501
671	202145	2021	2	4	11	45	20210502	20210508
672	202146	2021	2	4	11	46	20210509	20210515
673	202147	2021	2	4	11	47	20210516	20210522
674	202148	2021	2	4	11	48	20210523	20210529
675	202149	2021	2	4	12	49	20210530	20210605
676	202150	2021	2	4	12	50	20210606	20210612
677	202151	2021	2	4	12	51	20210613	20210619
678	202152	2021	2	4	12	52	20210620	20210626
679	202153	2021	2	4	12	53	20210627	20210703
680	20221	2022	1	1	1	1	20210704	20210710
681	20222	2022	1	1	1	2	20210711	20210717
682	20223	2022	1	1	1	3	20210718	20210724
683	20224	2022	1	1	1	4	20210725	20210731
684	20225	2022	1	1	1	5	20210801	20210807
685	20226	2022	1	1	2	6	20210808	20210814
686	20227	2022	1	1	2	7	20210815	20210821
687	20228	2022	1	1	2	8	20210822	20210828
688	20229	2022	1	1	2	9	20210829	20210904
689	202210	2022	1	1	3	10	20210905	20210911
690	202211	2022	1	1	3	11	20210912	20210918
691	202212	2022	1	1	3	12	20210919	20210925
692	202213	2022	1	1	3	13	20210926	20211002
693	202214	2022	1	2	4	14	20211003	20211009
694	202215	2022	1	2	4	15	20211010	20211016
695	202216	2022	1	2	4	16	20211017	20211023
696	202217	2022	1	2	4	17	20211024	20211030
697	202218	2022	1	2	4	18	20211031	20211106
698	202219	2022	1	2	5	19	20211107	20211113
699	202220	2022	1	2	5	20	20211114	20211120
700	202221	2022	1	2	5	21	20211121	20211127
701	202222	2022	1	2	5	22	20211128	20211204
702	202223	2022	1	2	6	23	20211205	20211211
703	202224	2022	1	2	6	24	20211212	20211218
704	202225	2022	1	2	6	25	20211219	20211225
705	202226	2022	1	2	6	26	20211226	20220101
706	202227	2022	2	3	7	27	20220102	20220108
707	202228	2022	2	3	7	28	20220109	20220115
708	202229	2022	2	3	7	29	20220116	20220122
709	202230	2022	2	3	7	30	20220123	20220129
710	202231	2022	2	3	7	31	20220130	20220205
711	202232	2022	2	3	8	32	20220206	20220212
712	202233	2022	2	3	8	33	20220213	20220219
713	202234	2022	2	3	8	34	20220220	20220226
714	202235	2022	2	3	8	35	20220227	20220305
715	202236	2022	2	3	9	36	20220306	20220312
716	202237	2022	2	3	9	37	20220313	20220319
717	202238	2022	2	3	9	38	20220320	20220326
718	202239	2022	2	3	9	39	20220327	20220402
719	202240	2022	2	4	10	40	20220403	20220409
720	202241	2022	2	4	10	41	20220410	20220416
721	202242	2022	2	4	10	42	20220417	20220423
722	202243	2022	2	4	10	43	20220424	20220430
723	202244	2022	2	4	10	44	20220501	20220507
724	202245	2022	2	4	11	45	20220508	20220514
725	202246	2022	2	4	11	46	20220515	20220521
726	202247	2022	2	4	11	47	20220522	20220528
727	202248	2022	2	4	11	48	20220529	20220604
728	202249	2022	2	4	12	49	20220605	20220611
729	202250	2022	2	4	12	50	20220612	20220618
730	202251	2022	2	4	12	51	20220619	20220625
731	202252	2022	2	4	12	52	20220626	20220702
732	20231	2023	1	1	1	1	20220703	20220709
733	20232	2023	1	1	1	2	20220710	20220716
734	20233	2023	1	1	1	3	20220717	20220723
735	20234	2023	1	1	1	4	20220724	20220730
736	20235	2023	1	1	1	5	20220731	20220806
737	20236	2023	1	1	2	6	20220807	20220813
738	20237	2023	1	1	2	7	20220814	20220820
739	20238	2023	1	1	2	8	20220821	20220827
740	20239	2023	1	1	2	9	20220828	20220903
741	202310	2023	1	1	3	10	20220904	20220910
742	202311	2023	1	1	3	11	20220911	20220917
743	202312	2023	1	1	3	12	20220918	20220924
744	202313	2023	1	1	3	13	20220925	20221001
745	202314	2023	1	2	4	14	20221002	20221008
746	202315	2023	1	2	4	15	20221009	20221015
747	202316	2023	1	2	4	16	20221016	20221022
748	202317	2023	1	2	4	17	20221023	20221029
749	202318	2023	1	2	4	18	20221030	20221105
750	202319	2023	1	2	5	19	20221106	20221112
751	202320	2023	1	2	5	20	20221113	20221119
752	202321	2023	1	2	5	21	20221120	20221126
753	202322	2023	1	2	5	22	20221127	20221203
754	202323	2023	1	2	6	23	20221204	20221210
755	202324	2023	1	2	6	24	20221211	20221217
756	202325	2023	1	2	6	25	20221218	20221224
757	202326	2023	1	2	6	26	20221225	20221231
758	202327	2023	2	3	7	27	20230101	20230107
759	202328	2023	2	3	7	28	20230108	20230114
760	202329	2023	2	3	7	29	20230115	20230121
761	202330	2023	2	3	7	30	20230122	20230128
762	202331	2023	2	3	7	31	20230129	20230204
763	202332	2023	2	3	8	32	20230205	20230211
764	202333	2023	2	3	8	33	20230212	20230218
765	202334	2023	2	3	8	34	20230219	20230225
766	202335	2023	2	3	8	35	20230226	20230304
767	202336	2023	2	3	9	36	20230305	20230311
768	202337	2023	2	3	9	37	20230312	20230318
769	202338	2023	2	3	9	38	20230319	20230325
770	202339	2023	2	3	9	39	20230326	20230401
771	202340	2023	2	4	10	40	20230402	20230408
772	202341	2023	2	4	10	41	20230409	20230415
773	202342	2023	2	4	10	42	20230416	20230422
774	202343	2023	2	4	10	43	20230423	20230429
775	202344	2023	2	4	10	44	20230430	20230506
776	202345	2023	2	4	11	45	20230507	20230513
777	202346	2023	2	4	11	46	20230514	20230520
778	202347	2023	2	4	11	47	20230521	20230527
779	202348	2023	2	4	11	48	20230528	20230603
780	202349	2023	2	4	12	49	20230604	20230610
781	202350	2023	2	4	12	50	20230611	20230617
782	202351	2023	2	4	12	51	20230618	20230624
783	202352	2023	2	4	12	52	20230625	20230701
786	20241	2024	1	1	1	1	20230702	20230708
787	20242	2024	1	1	1	2	20230709	20230715
788	20243	2024	1	1	1	3	20230716	20230722
789	20244	2024	1	1	1	4	20230723	20230729
790	20245	2024	1	1	1	5	20230730	20230805
791	20246	2024	1	1	2	6	20230806	20230812
792	20247	2024	1	1	2	7	20230813	20230819
793	20248	2024	1	1	2	8	20230820	20230826
794	20249	2024	1	1	2	9	20230827	20230902
795	202410	2024	1	1	3	10	20230903	20230909
796	202411	2024	1	1	3	11	20230910	20230916
797	202412	2024	1	1	3	12	20230917	20230923
798	202413	2024	1	1	3	13	20230924	20230930
799	202414	2024	1	2	4	14	20231001	20231007
800	202415	2024	1	2	4	15	20231008	20231014
801	202416	2024	1	2	4	16	20231015	20231021
802	202417	2024	1	2	4	17	20231022	20231028
803	202418	2024	1	2	4	18	20231029	20231104
804	202419	2024	1	2	5	19	20231105	20231111
805	202420	2024	1	2	5	20	20231112	20231118
806	202421	2024	1	2	5	21	20231119	20231125
807	202422	2024	1	2	5	22	20231126	20231202
808	202423	2024	1	2	6	23	20231203	20231209
809	202424	2024	1	2	6	24	20231210	20231216
810	202425	2024	1	2	6	25	20231217	20231223
811	202426	2024	1	2	6	26	20231224	20231230
812	202427	2024	2	3	7	27	20231231	20240106
813	202428	2024	2	3	7	28	20240107	20240113
814	202429	2024	2	3	7	29	20240114	20240120
815	202430	2024	2	3	7	30	20240121	20240127
816	202431	2024	2	3	7	31	20240128	20240203
817	202432	2024	2	3	8	32	20240204	20240210
818	202433	2024	2	3	8	33	20240211	20240217
819	202434	2024	2	3	8	34	20240218	20240224
820	202435	2024	2	3	8	35	20240225	20240302
821	202436	2024	2	3	9	36	20240303	20240309
822	202437	2024	2	3	9	37	20240310	20240316
823	202438	2024	2	3	9	38	20240317	20240323
824	202439	2024	2	3	9	39	20240324	20240330
825	202440	2024	2	4	10	40	20240331	20240406
826	202441	2024	2	4	10	41	20240407	20240413
827	202442	2024	2	4	10	42	20240414	20240420
828	202443	2024	2	4	10	43	20240421	20240427
829	202444	2024	2	4	10	44	20240428	20240504
830	202445	2024	2	4	11	45	20240505	20240511
831	202446	2024	2	4	11	46	20240512	20240518
832	202447	2024	2	4	11	47	20240519	20240525
833	202448	2024	2	4	11	48	20240526	20240601
834	202449	2024	2	4	12	49	20240602	20240608
835	202450	2024	2	4	12	50	20240609	20240615
836	202451	2024	2	4	12	51	20240616	20240622
837	202452	2024	2	4	12	52	20240623	20240629
838	20251	2025	1	1	1	1	20240630	20240706
839	20252	2025	1	1	1	2	20240707	20240713
840	20253	2025	1	1	1	3	20240714	20240720
841	20254	2025	1	1	1	4	20240721	20240727
842	20255	2025	1	1	1	5	20240728	20240803
843	20256	2025	1	1	2	6	20240804	20240810
844	20257	2025	1	1	2	7	20240811	20240817
845	20258	2025	1	1	2	8	20240818	20240824
846	20259	2025	1	1	2	9	20240825	20240831
847	202510	2025	1	1	3	10	20240901	20240907
848	202511	2025	1	1	3	11	20240908	20240914
849	202512	2025	1	1	3	12	20240915	20240921
850	202513	2025	1	1	3	13	20240922	20240928
851	202514	2025	1	2	4	14	20240929	20241005
852	202515	2025	1	2	4	15	20241006	20241012
853	202516	2025	1	2	4	16	20241013	20241019
854	202517	2025	1	2	4	17	20241020	20241026
855	202518	2025	1	2	4	18	20241027	20241102
856	202519	2025	1	2	5	19	20241103	20241109
857	202520	2025	1	2	5	20	20241110	20241116
858	202521	2025	1	2	5	21	20241117	20241123
859	202522	2025	1	2	5	22	20241124	20241130
860	202523	2025	1	2	6	23	20241201	20241207
861	202524	2025	1	2	6	24	20241208	20241214
862	202525	2025	1	2	6	25	20241215	20241221
863	202526	2025	1	2	6	26	20241222	20241228
864	202527	2025	2	3	7	27	20241229	20250104
865	202528	2025	2	3	7	28	20250105	20250111
866	202529	2025	2	3	7	29	20250112	20250118
867	202530	2025	2	3	7	30	20250119	20250125
868	202531	2025	2	3	7	31	20250126	20250201
869	202532	2025	2	3	8	32	20250202	20250208
870	202533	2025	2	3	8	33	20250209	20250215
871	202534	2025	2	3	8	34	20250216	20250222
872	202535	2025	2	3	8	35	20250223	20250301
873	202536	2025	2	3	9	36	20250302	20250308
874	202537	2025	2	3	9	37	20250309	20250315
875	202538	2025	2	3	9	38	20250316	20250322
876	202539	2025	2	3	9	39	20250323	20250329
877	202540	2025	2	4	10	40	20250330	20250405
878	202541	2025	2	4	10	41	20250406	20250412
879	202542	2025	2	4	10	42	20250413	20250419
880	202543	2025	2	4	10	43	20250420	20250426
881	202544	2025	2	4	10	44	20250427	20250503
882	202545	2025	2	4	11	45	20250504	20250510
883	202546	2025	2	4	11	46	20250511	20250517
884	202547	2025	2	4	11	47	20250518	20250524
885	202548	2025	2	4	11	48	20250525	20250531
886	202549	2025	2	4	12	49	20250601	20250607
887	202550	2025	2	4	12	50	20250608	20250614
888	202551	2025	2	4	12	51	20250615	20250621
889	202552	2025	2	4	12	52	20250622	20250628
890	20261	2026	1	1	1	1	20250629	20250705
891	20262	2026	1	1	1	2	20250706	20250712
892	20263	2026	1	1	1	3	20250713	20250719
893	20264	2026	1	1	1	4	20250720	20250726
894	20265	2026	1	1	1	5	20250727	20250802
895	20266	2026	1	1	2	6	20250803	20250809
896	20267	2026	1	1	2	7	20250810	20250816
897	20268	2026	1	1	2	8	20250817	20250823
898	20269	2026	1	1	2	9	20250824	20250830
899	202610	2026	1	1	3	10	20250831	20250906
900	202611	2026	1	1	3	11	20250907	20250913
901	202612	2026	1	1	3	12	20250914	20250920
902	202613	2026	1	1	3	13	20250921	20250927
903	202614	2026	1	2	4	14	20250928	20251004
904	202615	2026	1	2	4	15	20251005	20251011
905	202616	2026	1	2	4	16	20251012	20251018
906	202617	2026	1	2	4	17	20251019	20251025
907	202618	2026	1	2	4	18	20251026	20251101
908	202619	2026	1	2	5	19	20251102	20251108
909	202620	2026	1	2	5	20	20251109	20251115
910	202621	2026	1	2	5	21	20251116	20251122
911	202622	2026	1	2	5	22	20251123	20251129
912	202623	2026	1	2	6	23	20251130	20251206
913	202624	2026	1	2	6	24	20251207	20251213
914	202625	2026	1	2	6	25	20251214	20251220
915	202626	2026	1	2	6	26	20251221	20251227
916	202627	2026	2	3	7	27	20251228	20260103
917	202628	2026	2	3	7	28	20260104	20260110
918	202629	2026	2	3	7	29	20260111	20260117
919	202630	2026	2	3	7	30	20260118	20260124
920	202631	2026	2	3	7	31	20260125	20260131
921	202632	2026	2	3	8	32	20260201	20260207
922	202633	2026	2	3	8	33	20260208	20260214
923	202634	2026	2	3	8	34	20260215	20260221
924	202635	2026	2	3	8	35	20260222	20260228
925	202636	2026	2	3	9	36	20260301	20260307
926	202637	2026	2	3	9	37	20260308	20260314
927	202638	2026	2	3	9	38	20260315	20260321
928	202639	2026	2	3	9	39	20260322	20260328
929	202640	2026	2	4	10	40	20260329	20260404
930	202641	2026	2	4	10	41	20260405	20260411
931	202642	2026	2	4	10	42	20260412	20260418
932	202643	2026	2	4	10	43	20260419	20260425
933	202644	2026	2	4	10	44	20260426	20260502
934	202645	2026	2	4	11	45	20260503	20260509
935	202646	2026	2	4	11	46	20260510	20260516
936	202647	2026	2	4	11	47	20260517	20260523
937	202648	2026	2	4	11	48	20260524	20260530
938	202649	2026	2	4	12	49	20260531	20260606
939	202650	2026	2	4	12	50	20260607	20260613
940	202651	2026	2	4	12	51	20260614	20260620
941	202652	2026	2	4	12	52	20260621	20260627
